4.5000E+02	9.1851E-05
4.5100E+02	1.4501E-04
4.5200E+02	2.0274E-04
4.5300E+02	2.8387E-04
4.5400E+02	3.7604E-04
4.5500E+02	4.3174E-04
4.5600E+02	4.9330E-04
4.5700E+02	5.4696E-04
4.5800E+02	6.0487E-04
4.5900E+02	6.6783E-04
4.6000E+02	7.3581E-04
4.6100E+02	8.1345E-04
4.6200E+02	8.9732E-04
4.6300E+02	9.6237E-04
4.6400E+02	1.0312E-03
4.6500E+02	1.1199E-03
4.6600E+02	1.2145E-03
4.6700E+02	1.3082E-03
4.6800E+02	1.4076E-03
4.6900E+02	1.5011E-03
4.7000E+02	1.5995E-03
4.7100E+02	1.7026E-03
4.7200E+02	1.8110E-03
4.7300E+02	1.9159E-03
4.7400E+02	2.0256E-03
4.7500E+02	2.1342E-03
4.7600E+02	2.2475E-03
4.7700E+02	2.3602E-03
4.7800E+02	2.4775E-03
4.7900E+02	2.5981E-03
4.8000E+02	2.7233E-03
4.8100E+02	2.8386E-03
4.8200E+02	2.9576E-03
4.8300E+02	3.0638E-03
4.8400E+02	3.1729E-03
4.8500E+02	3.2846E-03
4.8600E+02	3.3991E-03
4.8700E+02	3.5155E-03
4.8800E+02	3.6347E-03
4.8900E+02	3.7450E-03
4.9000E+02	3.8573E-03
4.9100E+02	3.9781E-03
4.9200E+02	4.1012E-03
4.9300E+02	4.2293E-03
4.9400E+02	4.3599E-03
4.9500E+02	4.4925E-03
4.9600E+02	4.6275E-03
4.9700E+02	4.7626E-03
4.9800E+02	4.8999E-03
4.9900E+02	5.0178E-03
5.0000E+02	5.1369E-03
5.0100E+02	5.2587E-03
5.0200E+02	5.3817E-03
5.0300E+02	5.4949E-03
5.0400E+02	5.6087E-03
5.0500E+02	5.7472E-03
5.0600E+02	5.8872E-03
5.0700E+02	5.9869E-03
5.0800E+02	6.0866E-03
5.0900E+02	6.1853E-03
5.1000E+02	6.2838E-03
5.1100E+02	6.3701E-03
5.1200E+02	6.4556E-03
5.1300E+02	6.5270E-03
5.1400E+02	6.5971E-03
5.1500E+02	6.6407E-03
5.1600E+02	6.6824E-03
5.1700E+02	6.6393E-03
5.1800E+02	6.5925E-03
5.1900E+02	6.5312E-03
5.2000E+02	6.4660E-03
5.2100E+02	6.3514E-03
5.2200E+02	6.2326E-03
5.2300E+02	6.0609E-03
5.2400E+02	5.8854E-03
5.2500E+02	5.6902E-03
5.2600E+02	5.4917E-03
5.2700E+02	5.2891E-03
5.2800E+02	5.0836E-03
5.2900E+02	4.8639E-03
5.3000E+02	4.6421E-03
5.3100E+02	4.4426E-03
5.3200E+02	4.2414E-03
5.3300E+02	4.1061E-03
5.3400E+02	3.9688E-03
5.3500E+02	3.8521E-03
5.3600E+02	3.7336E-03
5.3700E+02	3.6651E-03
5.3800E+02	3.5947E-03
5.3900E+02	3.5484E-03
5.4000E+02	3.5003E-03
5.4100E+02	3.5222E-03
5.4200E+02	3.5430E-03
5.4300E+02	3.6259E-03
5.4400E+02	3.7087E-03
5.4500E+02	3.8492E-03
5.4600E+02	3.9911E-03
5.4700E+02	4.2086E-03
5.4800E+02	4.4307E-03
5.4900E+02	4.7106E-03
5.5000E+02	4.9980E-03
5.5100E+02	5.2991E-03
5.5200E+02	5.6087E-03
5.5300E+02	5.9147E-03
5.5400E+02	6.2295E-03
5.5500E+02	6.5399E-03
5.5600E+02	6.8597E-03
5.5700E+02	7.0896E-03
5.5800E+02	7.3251E-03
5.5900E+02	7.5501E-03
5.6000E+02	7.7801E-03
5.6100E+02	7.9915E-03
5.6200E+02	8.2061E-03
5.6300E+02	8.2926E-03
5.6400E+02	8.3752E-03
5.6500E+02	8.3194E-03
5.6600E+02	8.2536E-03
5.6700E+02	8.0866E-03
5.6800E+02	7.9053E-03
5.6900E+02	7.6778E-03
5.7000E+02	7.4349E-03
5.7100E+02	7.1784E-03
5.7200E+02	6.9077E-03
5.7300E+02	6.7096E-03
5.7400E+02	6.5000E-03
5.7500E+02	6.4734E-03
5.7600E+02	6.4406E-03
5.7700E+02	6.6837E-03
5.7800E+02	6.9332E-03
5.7900E+02	7.5790E-03
5.8000E+02	8.2587E-03
5.8100E+02	9.3074E-03
5.8200E+02	1.0421E-02
5.8300E+02	1.2069E-02
5.8400E+02	1.3831E-02
5.8500E+02	1.5884E-02
5.8600E+02	1.8076E-02
5.8700E+02	2.0436E-02
5.8800E+02	2.2950E-02
5.8900E+02	2.5581E-02
5.9000E+02	2.8382E-02
5.9100E+02	3.1012E-02
5.9200E+02	3.3791E-02
5.9300E+02	3.6335E-02
5.9400E+02	3.9001E-02
5.9500E+02	4.1428E-02
5.9600E+02	4.3953E-02
5.9700E+02	4.6142E-02
5.9800E+02	4.8399E-02
5.9900E+02	5.0750E-02
6.0000E+02	5.3175E-02
6.0100E+02	5.4612E-02
6.0200E+02	5.6077E-02
6.0300E+02	5.7583E-02
6.0400E+02	5.9117E-02
6.0500E+02	6.0530E-02
6.0600E+02	6.1966E-02
6.0700E+02	6.3256E-02
6.0800E+02	6.4563E-02
6.0900E+02	6.5896E-02
6.1000E+02	6.7246E-02
6.1100E+02	6.8531E-02
6.1200E+02	6.9831E-02
6.1300E+02	7.1142E-02
6.1400E+02	7.2469E-02
6.1500E+02	7.3563E-02
6.1600E+02	7.4667E-02
6.1700E+02	7.5754E-02
6.1800E+02	7.6849E-02
6.1900E+02	7.7956E-02
6.2000E+02	7.9072E-02
6.2100E+02	8.0140E-02
6.2200E+02	8.1215E-02
6.2300E+02	8.2281E-02
6.2400E+02	8.3354E-02
6.2500E+02	8.4417E-02
6.2600E+02	8.5486E-02
6.2700E+02	8.6521E-02
6.2800E+02	8.7563E-02
6.2900E+02	8.8588E-02
6.3000E+02	8.9619E-02
6.3100E+02	9.0657E-02
6.3200E+02	9.1700E-02
6.3300E+02	9.2737E-02
6.3400E+02	9.3779E-02
6.3500E+02	9.4758E-02
6.3600E+02	9.5740E-02
6.3700E+02	9.6708E-02
6.3800E+02	9.7678E-02
6.3900E+02	9.8652E-02
6.4000E+02	9.9630E-02
6.4100E+02	1.0061E-01
6.4200E+02	1.0160E-01
6.4300E+02	1.0258E-01
6.4400E+02	1.0358E-01
6.4500E+02	1.0456E-01
6.4600E+02	1.0555E-01
6.4700E+02	1.0653E-01
6.4800E+02	1.0751E-01
6.4900E+02	1.0849E-01
6.5000E+02	1.0947E-01
6.5100E+02	1.1046E-01
6.5200E+02	1.1145E-01
6.5300E+02	1.1244E-01
6.5400E+02	1.1343E-01
6.5500E+02	1.1443E-01
6.5600E+02	1.1543E-01
6.5700E+02	1.1643E-01
6.5800E+02	1.1743E-01
6.5900E+02	1.1842E-01
6.6000E+02	1.1941E-01
6.6100E+02	1.2039E-01
6.6200E+02	1.2138E-01
6.6300E+02	1.2237E-01
6.6400E+02	1.2336E-01
6.6500E+02	1.2435E-01
6.6600E+02	1.2534E-01
6.6700E+02	1.2633E-01
6.6800E+02	1.2733E-01
6.6900E+02	1.2833E-01
6.7000E+02	1.2932E-01
6.7100E+02	1.3032E-01
6.7200E+02	1.3133E-01
6.7300E+02	1.3232E-01
6.7400E+02	1.3332E-01
6.7500E+02	1.3432E-01
6.7600E+02	1.3531E-01
6.7700E+02	1.3630E-01
6.7800E+02	1.3730E-01
6.7900E+02	1.3829E-01
6.8000E+02	1.3928E-01
6.8100E+02	1.4028E-01
6.8200E+02	1.4127E-01
6.8300E+02	1.4227E-01
6.8400E+02	1.4327E-01
6.8500E+02	1.4427E-01
6.8600E+02	1.4527E-01
6.8700E+02	1.4626E-01
6.8800E+02	1.4726E-01
6.8900E+02	1.4824E-01
6.9000E+02	1.4923E-01
6.9100E+02	1.5020E-01
6.9200E+02	1.5118E-01
6.9300E+02	1.5215E-01
6.9400E+02	1.5312E-01
6.9500E+02	1.5410E-01
6.9600E+02	1.5507E-01
6.9700E+02	1.5604E-01
6.9800E+02	1.5701E-01
6.9900E+02	1.5798E-01
7.0000E+02	1.5895E-01
