  4.5000000e+002  8.1625488e-004
  4.5100000e+002  8.4917975e-004
  4.5200000e+002  8.7034448e-004
  4.5300000e+002  8.7347462e-004
  4.5400000e+002  9.1921799e-004
  4.5500000e+002  9.3167138e-004
  4.5600000e+002  9.9921697e-004
  4.5700000e+002  1.0414263e-003
  4.5800000e+002  1.0878017e-003
  4.5900000e+002  1.1473371e-003
  4.6000000e+002  1.1757190e-003
  4.6100000e+002  1.2458905e-003
  4.6200000e+002  1.3035250e-003
  4.6300000e+002  1.3828353e-003
  4.6400000e+002  1.4572554e-003
  4.6500000e+002  1.5185073e-003
  4.6600000e+002  1.5840584e-003
  4.6700000e+002  1.6586202e-003
  4.6800000e+002  1.7384396e-003
  4.6900000e+002  1.8086802e-003
  4.7000000e+002  1.8940131e-003
  4.7100000e+002  1.9767263e-003
  4.7200000e+002  2.0520752e-003
  4.7300000e+002  2.1224620e-003
  4.7400000e+002  2.2153353e-003
  4.7500000e+002  2.2933275e-003
  4.7600000e+002  2.3697211e-003
  4.7700000e+002  2.4766078e-003
  4.7800000e+002  2.5660870e-003
  4.7900000e+002  2.6577655e-003
  4.8000000e+002  2.7595678e-003
  4.8100000e+002  2.8545074e-003
  4.8200000e+002  2.9577736e-003
  4.8300000e+002  3.0851145e-003
  4.8400000e+002  3.1986255e-003
  4.8500000e+002  3.3275690e-003
  4.8600000e+002  3.4626836e-003
  4.8700000e+002  3.5984963e-003
  4.8800000e+002  3.7383271e-003
  4.8900000e+002  3.8724363e-003
  4.9000000e+002  4.0231759e-003
  4.9100000e+002  4.1796284e-003
  4.9200000e+002  4.3483535e-003
  4.9300000e+002  4.4965878e-003
  4.9400000e+002  4.6545598e-003
  4.9500000e+002  4.8164371e-003
  4.9600000e+002  4.9708669e-003
  4.9700000e+002  5.1360722e-003
  4.9800000e+002  5.3097311e-003
  4.9900000e+002  5.4690568e-003
  5.0000000e+002  5.6497740e-003
  5.0100000e+002  5.7654503e-003
  5.0200000e+002  5.9299848e-003
  5.0300000e+002  6.0878695e-003
  5.0400000e+002  6.2349778e-003
  5.0500000e+002  6.3739569e-003
  5.0600000e+002  6.5122263e-003
  5.0700000e+002  6.6422629e-003
  5.0800000e+002  6.7663857e-003
  5.0900000e+002  6.8718017e-003
  5.1000000e+002  6.9409522e-003
  5.1100000e+002  7.0195753e-003
  5.1200000e+002  7.0750828e-003
  5.1300000e+002  7.0955996e-003
  5.1400000e+002  7.1153178e-003
  5.1500000e+002  7.1318962e-003
  5.1600000e+002  7.1004828e-003
  5.1700000e+002  7.0309789e-003
  5.1800000e+002  6.9668452e-003
  5.1900000e+002  6.8459118e-003
  5.2000000e+002  6.7303206e-003
  5.2100000e+002  6.5621638e-003
  5.2200000e+002  6.4136533e-003
  5.2300000e+002  6.2449325e-003
  5.2400000e+002  6.0531596e-003
  5.2500000e+002  5.8701081e-003
  5.2600000e+002  5.6879343e-003
  5.2700000e+002  5.5103022e-003
  5.2800000e+002  5.3216662e-003
  5.2900000e+002  5.1660573e-003
  5.3000000e+002  5.0267127e-003
  5.3100000e+002  4.8867243e-003
  5.3200000e+002  4.7614283e-003
  5.3300000e+002  4.6775167e-003
  5.3400000e+002  4.5820033e-003
  5.3500000e+002  4.5115553e-003
  5.3600000e+002  4.4404197e-003
  5.3700000e+002  4.3894257e-003
  5.3800000e+002  4.3371246e-003
  5.3900000e+002  4.2890329e-003
  5.4000000e+002  4.2716805e-003
  5.4100000e+002  4.2639281e-003
  5.4200000e+002  4.2927987e-003
  5.4300000e+002  4.3396367e-003
  5.4400000e+002  4.4176263e-003
  5.4500000e+002  4.5302193e-003
  5.4600000e+002  4.6959409e-003
  5.4700000e+002  4.8789783e-003
  5.4800000e+002  5.1030345e-003
  5.4900000e+002  5.3263656e-003
  5.5000000e+002  5.5445444e-003
  5.5100000e+002  5.7726737e-003
  5.5200000e+002  6.0092493e-003
  5.5300000e+002  6.2432880e-003
  5.5400000e+002  6.4780110e-003
  5.5500000e+002  6.7083038e-003
  5.5600000e+002  6.8929067e-003
  5.5700000e+002  7.0766714e-003
  5.5800000e+002  7.2197725e-003
  5.5900000e+002  7.3386124e-003
  5.6000000e+002  7.4226841e-003
  5.6100000e+002  7.5053326e-003
  5.6200000e+002  7.5343973e-003
  5.6300000e+002  7.5461793e-003
  5.6400000e+002  7.5387835e-003
  5.6500000e+002  7.4408251e-003
  5.6600000e+002  7.3484518e-003
  5.6700000e+002  7.2000606e-003
  5.6800000e+002  7.0057480e-003
  5.6900000e+002  6.8113527e-003
  5.7000000e+002  6.6160248e-003
  5.7100000e+002  6.4266245e-003
  5.7200000e+002  6.2447869e-003
  5.7300000e+002  6.1010685e-003
  5.7400000e+002  6.0222830e-003
  5.7500000e+002  6.0031654e-003
  5.7600000e+002  6.0322082e-003
  5.7700000e+002  6.1892182e-003
  5.7800000e+002  6.4320985e-003
  5.7900000e+002  6.7973110e-003
  5.8000000e+002  7.3027313e-003
  5.8100000e+002  7.9520410e-003
  5.8200000e+002  8.7874829e-003
  5.8300000e+002  9.8212769e-003
  5.8400000e+002  1.1106902e-002
  5.8500000e+002  1.2611932e-002
  5.8600000e+002  1.4409494e-002
  5.8700000e+002  1.6449728e-002
  5.8800000e+002  1.8696223e-002
  5.8900000e+002  2.1114412e-002
  5.9000000e+002  2.3699523e-002
  5.9100000e+002  2.6322837e-002
  5.9200000e+002  2.9102972e-002
  5.9300000e+002  3.1878299e-002
  5.9400000e+002  3.4679338e-002
  5.9500000e+002  3.7455190e-002
  5.9600000e+002  4.0087235e-002
  5.9700000e+002  4.2697560e-002
  5.9800000e+002  4.5197422e-002
  5.9900000e+002  4.7617792e-002
  6.0000000e+002  4.9859244e-002
  6.0100000e+002  5.2181302e-002
  6.0200000e+002  5.4304722e-002
  6.0300000e+002  5.6409098e-002
  6.0400000e+002  5.8324659e-002
  6.0500000e+002  6.0219815e-002
  6.0600000e+002  6.2080076e-002
  6.0700000e+002  6.3749716e-002
  6.0800000e+002  6.5456806e-002
  6.0900000e+002  6.7030819e-002
  6.1000000e+002  6.8706780e-002
  6.1100000e+002  7.0247643e-002
  6.1200000e+002  7.1876806e-002
  6.1300000e+002  7.3438310e-002
  6.1400000e+002  7.4653627e-002
  6.1500000e+002  7.5983971e-002
  6.1600000e+002  7.7298055e-002
  6.1700000e+002  7.8482751e-002
  6.1800000e+002  7.9504888e-002
  6.1900000e+002  8.0658753e-002
  6.2000000e+002  8.1793821e-002
  6.2100000e+002  8.2687543e-002
  6.2200000e+002  8.3690772e-002
  6.2300000e+002  8.4443849e-002
  6.2400000e+002  8.5363111e-002
  6.2500000e+002  8.6264676e-002
  6.2600000e+002  8.7174338e-002
  6.2700000e+002  8.7670167e-002
  6.2800000e+002  8.8681595e-002
  6.2900000e+002  8.9271988e-002
  6.3000000e+002  9.0102024e-002
  6.3100000e+002  9.0647961e-002
  6.3200000e+002  9.1575961e-002
  6.3300000e+002  9.2239012e-002
  6.3400000e+002  9.2857147e-002
  6.3500000e+002  9.3553571e-002
  6.3600000e+002  9.4194880e-002
  6.3700000e+002  9.4634563e-002
  6.3800000e+002  9.5207225e-002
  6.3900000e+002  9.5725085e-002
  6.4000000e+002  9.6390100e-002
  6.4100000e+002  9.6944950e-002
  6.4200000e+002  9.7525934e-002
  6.4300000e+002  9.8119221e-002
  6.4400000e+002  9.8724357e-002
  6.4500000e+002  9.9042151e-002
  6.4600000e+002  9.9616406e-002
  6.4700000e+002  1.0014815e-001
  6.4800000e+002  1.0090645e-001
  6.4900000e+002  1.0091782e-001
  6.5000000e+002  1.0176278e-001
  6.5100000e+002  1.0213369e-001
  6.5200000e+002  1.0251342e-001
  6.5300000e+002  1.0264267e-001
  6.5400000e+002  1.0338822e-001
  6.5500000e+002  1.0386676e-001
  6.5600000e+002  1.0397939e-001
  6.5700000e+002  1.0463688e-001
  6.5800000e+002  1.0489095e-001
  6.5900000e+002  1.0524356e-001
  6.6000000e+002  1.0593061e-001
  6.6100000e+002  1.0562415e-001
  6.6200000e+002  1.0643778e-001
  6.6300000e+002  1.0711757e-001
  6.6400000e+002  1.0671889e-001
  6.6500000e+002  1.0705280e-001
  6.6600000e+002  1.0717240e-001
  6.6700000e+002  1.0789787e-001
  6.6800000e+002  1.0824572e-001
  6.6900000e+002  1.0874716e-001
  6.7000000e+002  1.0918610e-001
  6.7100000e+002  1.0953122e-001
  6.7200000e+002  1.0958262e-001
  6.7300000e+002  1.1001340e-001
  6.7400000e+002  1.1020932e-001
  6.7500000e+002  1.1122010e-001
  6.7600000e+002  1.1091830e-001
  6.7700000e+002  1.1157191e-001
  6.7800000e+002  1.1147407e-001
  6.7900000e+002  1.1211899e-001
  6.8000000e+002  1.1300602e-001
  6.8100000e+002  1.1347678e-001
  6.8200000e+002  1.1430099e-001
  6.8300000e+002  1.1298178e-001
  6.8400000e+002  1.1464481e-001
  6.8500000e+002  1.1549188e-001
  6.8600000e+002  1.1597513e-001
  6.8700000e+002  1.1603958e-001
  6.8800000e+002  1.1600821e-001
  6.8900000e+002  1.1710240e-001
  6.9000000e+002  1.1663948e-001
  6.9100000e+002  1.1675712e-001
  6.9200000e+002  1.1696185e-001
  6.9300000e+002  1.1658774e-001
  6.9400000e+002  1.1792861e-001
  6.9500000e+002  1.1862163e-001
  6.9600000e+002  1.1867035e-001
  6.9700000e+002  1.1816224e-001
  6.9800000e+002  1.1917442e-001
  6.9900000e+002  1.1867297e-001
  7.0000000e+002  1.1806709e-001
